50
4 6 4
1 4 2 1
100 10 1
1
5 5 10
2 4 2 3 4 2 1 2 1 3
1 1 1
1
100 2 2
1 2
1000 100 10
4 3 9 1 2 5 6 9 1 10
1 10 10
4 3 4 1 2 5 6 9 1 10
1 10 9
1 1 1 1 1 1 1 1 1
1000 10 9
1 1 1 1 1 1 1 1 1
934 9 10
8 8 8 8 8 8 8 8 8 8
734 3 10
1 2 3 3 2 1 1 2 3 1
345 19 10
10 10 10 10 10 10 10 10 10 10
765 10 10
10 1 10 1 10 1 10 1 10 1
1000 100 10
10 10 10 10 10 10 10 10 10 10
734 20 10
1 2 3 4 5 6 7 8 9 10
631 16 10
10 9 8 7 6 5 4 3 2 1
3 6 6
5 3 5 3 3 4
3 7 7
2 1 5 4 7 7 3
2 11 5
7 3 1 5 7
2 12 8
4 8 7 5 2 5 3 3
550 14 10
4 5 1 10 8 3 8 3 1 9
461 12 9
4 10 10 1 7 9 6 10 6
581 10 10
7 10 2 7 10 9 10 4 10 1
100 6 10
5 2 1 2 5 1 6 2 2 4
6 23 9
8 10 6 6 9 4 5 10 1
8 27 10
7 7 3 7 8 2 10 1 10 5
5 24 10
1 2 3 9 6 9 6 5 7 1
7 29 10
4 2 1 1 4 8 10 6 6 7
96 16 8
8 6 6 9 9 6 5 9
141 10 10
7 6 5 9 5 5 6 8 6 9
154 21 8
5 6 8 8 5 5 7 5
233 34 10
7 7 6 6 9 7 6 8 5 6
139 36 10
8 9 7 7 5 8 5 5 7 8
314 22 8
8 9 8 7 8 8 7 9
571 53 9
9 6 9 8 7 7 6 5 8
260 17 10
6 9 6 8 5 7 7 5 8 6
41 57 10
9 9 5 7 7 6 7 5 7 5
761 80 8
5 7 9 5 8 5 9 7
756 40 9
9 7 9 5 8 7 6 9 6
929 82 6
6 8 8 8 5 8
205 65 9
9 5 6 9 7 5 6 7 7
989 52 9
7 8 9 9 9 5 8 9 6
275 79 7
9 8 7 8 8 6 9
45 39 5
8 5 5 5 7
460 36 5
5 7 8 9 9
950 32 7
9 8 8 7 7 7 5
910 26 5
8 9 9 6 9
326 83 7
7 6 6 7 7 9 6
808 26 5
7 7 7 6 5
783 56 7
5 7 8 7 5 8 7
