3804689875019616213667751944431739358159702502498316430846221993098539116225105369771860557040218688
9043780962875101416347351574647406038156701843727392251261697276823714147235871837044447597200362530
9924661061854415594124211540578302119243595275196764888303010251549576825757042801203452925090107452
9134389717369010699218641043408483416241866014257684318262796872876567312253838991857854749276623933
3556236977014473073928559884614246488791212603213999088362799989597388995810863285478851332979069159
8072888688062525115056494995432095156887648903168094792589908395689446211550593664760225362911975392
0646328159874779923243768549562802489484145043224423835259195379751252005825929766796948982568625138
7256032456985676366690489857326455382260478598724026835849803908588908696837284074847428360661511063
6326839533093550796762164623058446198908434350191760880505700299506160062413568681750976515981464190
5975047235295380060410622720008604833301210259868758444099616866326834290777430285059717269733879120
5183843454967187960202878995927119353396461631358447568390865458336759386381039348900685146450907303
5093173419466204614733114721535517626483899010213534555621501590787636292033064651032871642331782413
0095093105388121862312911089180524105722243216744541896283124083298070675969039256749046299662579233
5461913284702120501474517280877084347480262355929671670960170111836381506588849964957359819808917466
7788186453428458606533675738900291855645442380362885790188235119204051707479296900449949275717305436
1086387770869319915969813686098395356253982519423296245635086343668066462315252215155221165633884316
8058670172459612937228045761939148119184329062691818157221562544315845797969652320261227340390529593
5839672960296372464622311485225652423241723268953961552159865156343328702031063032417383360998674163
0096954624429815248994785434601562084287042924101975812920493055377512982168015017310177154078973117
0230123750858857625164873922749408282313676538788340849588229283756434427220663480844888136870616460
9958849820890049013874820197749040989998441101440805161152854873570141036199779188497377046551098969
2725480480006927048326715126759843168375037253820848461586431435026675099059242280055466685530764889
9460046173060452128246437604513821919865048274152925749116444988922443903412194353076946980307205986
8580170014781442152329785867328167668947765984051012781497375157113541257540547893657975455983818747
5675333119988244445692665726014750601109992582059125719728457269554237822043500619686743573854631073
4677860572003726381401530141196002135008312082825151353715972755364667131662151562352235960542194727
3819773855758395642800859861647679133787676889962226324045434443489321063051431839888259104041145254
5047857018758212153173896556835681698563522612382467480521989476422293234642361681011060348247895024
9888748548259544851205078127260384453405261786733687686911202021303052023872555769502696829598610591
4584448249250113997060303486151606972971113778815128218439687308270285728039855571119774397172332252
2187776137667597005578073530401581499938068051264485376879710866636478932237462438479293315331081242
7283335077761980999396774808619548099893581889168287941473395112515414761626517430639783894019424085
4539027145040675109175384992110146468389382308549718281839754390856408946389347414382104357827080169
8379974294852084831181368694910982528761541985458487402953998456195020712420361209030589281314872733
5085782728610561729080476251814567993884659157503542234270453560596728288342786047355751801416997622
3746438647615568933030162196428753149034896179212626841348715024958281199887806768943549097934870225
5394764273103243495684035018025087438365539490240924771266980663312948716884682370318814479465210165
4987959980000685555266550504344523072668890692789565501182229113397736252979915819571144104529524311
8978680594684821685818914772737215032501543129060764073922447169786379459517344783063697732272596168
2139361853498013517194822938656434773068247003192980596837293354491289334502512289530963480643946479
9413105421931065201838375917783761604729103989133000960671078264461774872662856649479263009194623558
2571404630873781049192811123267238945752380826609327280742847376440679343186122760068990344958328357
7600553607687736706770716678324357210411211610341190002010150344131081228352342586189640439815719837
0227524623271062726586646351819003415760842656259984821044721107012940972913242805897264017557270388
7234217752842474855495438207758234761465864141842240883681763442576147867818396514614304960154181370
8666508200802968017682250488644495986976190312009461383691048925927728762647356000168753223617443903
4503410520088011310692633405239780068260551811086154078444207922224515267653808829627030398037165491
9526585158260289765354852605594263328733391960116152382245608789704523328308277049081061740344553456
3624264454396246048519367032342052574503060887119129990880146438650274997063772393992321864761230941
8189329492264623203016340893070364006321564998126014966623186321079293818403647602419326940091231893
2941604550229515340044688321603366880839886815556645083728415200777733055439126514105056364922566513
8527311477860305086802074915228190634017575783231953553358740784045094571756668400419401435245963169
7225418792258972421602346118987383845505369630343562645502393083607970827126797394027767170301783020
9718615280605312213413757223313208957543961462148687408907118430224719075327458824381276209288076018
8652432528457276462146584024153836441081021636948013029354261652470175314792585317211948808319775704
2239949540179041749632081314410926627428117133316743764775246287323066455662972937730016068337733553
7776359984844994652126063954517961808372991764654279782247251624479485543116348792413462958845092405
7986404781183848052128323284930458648553858547335118977861399225354257752283787159352217112108114468
6779703688115479130189620415520360758243429545091641900780821296978413111402555971227064347032991550
3721776108214269749366771842410410665187769417947734137837513479892349698152455704464272464072388730
5181574290413845263097019770792589423676104276656047308716401748787274744543969072835742479230666089
6909508649285907062393644444367890313254144708881082623781993379774119646782459295508112348197186676
3651751199667297294811054332290720768690581475221908028430173932754149788418011287756118523104465112
4138862760137476347667924440647150467968298842629932606354940597283658456885407991892796284536436962
7426760039916157894607438670357455219827074175785048823939365202508497783818996104931614542866929268
4245436829797881390142743012839106330599834838341130157682532394332692011965568978850677275557351220
5903006193882370206229942379443067820052126952556525534099266655551267041017239900721895357524222750
5648950989587667512542375383306446153172980802042620850907371795033134690984307651996877198771569547
4540007262928182646234267643245245054622466306056907412829963237588007417498582383780437493011935409
9943988912778582864330771688574176527881765397422572629270010972108600846797349582116238437173256564
3916575552079772676172378968881490862436343357032721127370407402256553173253391439714368623523814314
4759599093895935026965107190842297965959162587796352623410426914399028469507209867512821929470739592
7836336277874745598758385682226009590365277999045216100804187750013482689376519928452877526150628738
0187584835365747104165074392999879463694112952618673710952157643866473861636588975483671367211833689
3292596016119477981746272589694402837808998142926843653806437813195095487735359783775805040192339800
7491082011762688778598465726008827083874800164429346545780661414087167142616619428070980488089897752
5369432203710187932469004172519826542962695622345859309859019891529503299707438288637159716685071547
9130420161190849219872737982113113709597229626847186644330217592381751669993718724808520871507051294
5344472554349896123678133738266289662761425119291449287483556950008038589345107260909533044310982425
4049720231153721978679635893685847772294006742060959115877316729854840018398168229794463516739540384
1906303582690084369976850721475539204058335974697771084009623974612109636739906542149512431119100398
9797775238425382817371653133776574096683429871910424896870241024407736345306952564786233198798228375
0911568229782871789091705447503168916510206668652508316613667409589749530317893125228036882258968201
9349758132376205653956154536935026062736309153811726618698287847579166561262487693392785121246835167
7775734329536484894892649729332412253025513440592793941674219843705902244674813131792011411970548619
6378947722687743970717061044645746203309773851467745680055740924306295585260998837430907035564790222
5885042187713791123847233894528294388495618368508498048485416033902298015613616656178338057141888376
7898307452070989242902541031017875345204328417783061247717022503591653501649321648859901226922203312
8709968162303413003141710071844539328030650336769361233675946745064733659692627015387020193304414681
0386890964782821072287385755714588818976014097371833608085040188922446092418819006020619932260939786
5973783343911689852064458621948710055718483982592677484673754691797723188590677468424659893091306486
0066661337338523986851100975559123424084547105808836737973321905752460942130993062404237336015974440
1901640177426442365555280035693745204465581395124004139589035649255334244529090801058597134873233617
3443874722046344512838194647531154266154608250270246303348735809272505396679848119727640824669478739
4404040377650245857443056675934490911033509552047301906431048571823374124170846989063014990899894889
8218392186675717774185334799146550332636183674955857101309338414332605815314957071191014308099487217
3473239301219351901756070984888934976602880257439484746785833104272079580266312248959090507930274846
1921516706069952507868503635896764067478065511436769441123838668255512854958875581008272990879544193
8530471244233690635785408029831194082422423551773750786670675293358322894213318700447833434868246391
4524518836300730371719331956783215174283229253062464543957649923678113392997076583556012833386606104
