3999380765550571850092985435942748535482927078493828798277635634745549347037595419097657805013483184
8091506239100470080297456680851253073991456226556195276279771961429659978124313097937388739094424955
0423574527899688539352687714888837849873170236022842215378728053240444153899634409147789087604017232
4344626665335186896085005797847399564789310746364917582966911918653803696721904967195858963613483104
6763283080810913669184013878747309747963145525452363464934775578740909553550444737577903987668032545
8868382334479188775248473675447327836586005210186201113450077056630508793898327207653440698647493171
9019688297333367024390603037886574284901543478054941852994364812066078596462202035884727803104029618
8907961452441247196784101580521012762958466672514454725597612617081929502800215252213714193317313728
7661785533510857762528711751443749247895230250255957982488809496329861597311065383232285664372780043
5217789635495430204000349258897754873043107320084207208041880990993922237561314128929272243772761646
0883008902943748424880079077226708661064986288023228264181124261978597088317713164735670379340662023
1756167899668026592590688055556645110089378740869626505748111863198827797616194592873817081324571630
9549424535768289969806018388907102053048137122806490857943543577672788954592009305266730321866059930
6140457653121143638809442732515960552680077049022653932098428924183615797746188703824779486543273967
1011727758802251171542544291419878664821683676184210717494764097587688734478849288708498128244415593
6150359600741089225797224652437054183513516248196355226148995776710722255778796142154319319324571200
2456019370968569942600114361890918794565207780370230424760172023832568605197921938768912008935879563
1199712696616001364214254845590903239581040251164048216455346694990146729087312761859724075861570037
3649353660042165748538825123175991935557196657058306132922093247406264668418293897934032322652741751
6312902674273459269183236481205311006281817546635008641611130386612523197175486693098789120858417877
6421254961031736229672429007067978838619397898951140014322869916042433765649677777959140486553485681
7748863020232439824446692103508651004684820652249642236268967317729240258568928961162772174158356859
7326547416819568037887476588030733410598387642683360375003670609479327313024071686716025734121030543
5514596862711171418721386359707786763512711435356487458862271452344767708776033355054634185089537003
1111948942841753515305755096833448625042516680327084674133019444832571875425473503549131058004640381
9550895867970276744911687185145896210579916324460839120392487434603366916357197871457080076906679609
4744894522928838683292062465283099591073127508003921122158147434717848698982783923432493752734798325
4403459730519086154276476116760824168428738178552315834444520420029338802296228313769441151557594596
4654645300951890926777530168214619840376723876253062931459547326384325882960512647593650879565918887
3470136250238709320445121943650111122435862154394702815113219694534047842990116877033421414593348938
1788422688750708951999384675011900485476374984942038733070002707793654126948936556352587448931468613
7434208446155023165408817066365519570524723024720331328994345871410421420848812855104728557171459712
3008490540112899456044265078808448658213635039865669803265618925506447990702218437621497381245953691
9623652564974415822803170291461862737354187345032460386618009000567656079927639794862645980354004445
3014414318361383140291966116494045914007692479035086894686764374238105895480576720902233380422939001
5311858893520455128886160339579962943737041168627083454204562166132552669638406709165084215206137687
8896869283365756934298981538329988398223450516884604571788853387900347250373292246623385885446126724
1122784293347462122393891075499837803650774749275380550435216269850168493688957206570342097041066442
5544988600982845848197640086073986836606251667630231048275487596295728356907696958132090371865330728
9631174081632053417385579873518391445818921056033197531823376408792221695484271483065954068454362823
7758261442482249370640079365210535685852132881530585390198471152081947312198624034235763604556518042
0096144731694648224743469172616884593944081469596687662195260489732866467190922032001712518480088622
2156285840193222932617852262138121969037301240110465911718994418446065327280595659693388043718930539
5820690532602335029512295086770839114610986613898987646175542748189833359911661798614834309132562552
0471004955311581662305788881875808579920821541168918363364417074735009589546221477654561398095575155
2354333809106509284813442292681985790293960612107853026347576852582267779224269241830187672550247113
4712212718327934691748100893782154522701163280011152319363096826735004070694382069685457735812094470
9295162296514262950842555268316645014869304540811253444153945822845452394122449691519608679027453376
8767384418834923131800219522354898320902391929669661388645176119516262265869571070212783912840759632
3376904077455682899388901124614274569579031924111069560721670099015695732683814974577740386802384774
1968992265434789167404212526828818422668029846552145681471434803432207251744584572029496637304058656
6244943608741156815058525167785787264540070401429453273398147282805072126336969914863581137646174904
4283078884558672158814777334623924287505920883039905640779913606815846161765362108369602264713917475
3581893384659794551466481528817480347079680288789685402687030220253512220154048189114844308330004484
0188825504856005722911919340686112411136002133820633589427078386374029730035947546681087384793616163
8232352850362916219515147705948489232198670066428673593728787743960982348987834808666047606953437169
4606685409928683252858192142137735746823741489448225005746831835389027710508538707197581787784308275
6132299959013085190826678551199393086227120411450388274571076104929790004260903790384557553398195307
2607791876851120584284434949267379479242081770261147312223854919352390441146025362622740907307038866
2919909001602738669253475738081959518249745264004814916459210974636761028536115124681412445233433374
1706985306514056253941457249270548350973870138786650381619131330526130767771976631779062604155883859
9228933928450113510284912744038134506113233149974327046262247395236729497684859790488905716968541629
9757897096598114455873856547206195626165674042283208835822974739095937015411995272044230489040710692
3612959896803193465335879536186206043394464725298104302745698927245572240334120944973433581599144833
0858567553372826333750915344326581593374441059276070624343987772535051230810530864557395097722832236
9247985802389306147572215682073159951989643172205774027275798758035380591698280510870009629557237557
8396791866678648537606234492306565682761101267440975740394827443821388693657918427995621427252322588
5755342918760300835416452632024440729732760917552270971042432116462106504401570817719226747435360531
3176845063537856421347443629587102284378778442127939717685147145996300528796053403460995342630707121
9467862804960116582415317713258480818699491078534334095657394998727470382357318096962583363045459223
1183920602326574779400928102079797217243832987239805803457167674700648146841265063552505601923185883
1421910969897006908239052363223641891553742766629157271545194485814914768684968134364810598449218599
6752515620625672722769372134382162896294238272787851754532184686311076399172999865014551928246450442
2272858847309543901210450606802634388955613986630447137612415748890947253676793373326266645156132929
2355152317836871636295144654733282488710685114506035229618054818161899507331094930167614919327716519
5573005737139895918099203212297690274972262387383396672263223285857487376656735896724039280099046837
1808859254000822600672155143584533786935813233827616745937549404952353325536471199848963686908893830
0743692863363495561674940536556146808141524495077426958748556510963084901851310605981912217994451717
5128339480949962235392470111552771662542622266872768785287559917689729199899887862373861797308672586
3889267062362992300412386586754442073872675850803654383971970229199635489974272255161866004081902575
6309866788455601231888591638673310467188468010249010921395707989070588362782826246293354106601874808
9711546415816405027080339291918049780939906540993240447729142571480132978538840924531768568219918103
7028477870907941243840066380514630393505401861609414032743248578987971754470689717237418304407019045
7405769455034545611495758581017383541763768916289101281315263059352981115877300948299375822052695045
1437806709029795170475676281299920538130989748712959711032745862101606422350789496822089704487319876
8448829497680392231834997220672715758169296237003304729042027117668842388689155452070939066256000280
6455524271874542287876474356979808541496694605362250674161674119179733627708523613381030215394119731
0724158867516991737876653590643349194473300443011661768627422286475778817150903323651781099770440232
5597339352162821331106945913833832804174034092378934128091344352523144695304780541814002198318935948
5924368616449176465348857604291958097038043162946463700651467428475993222648174139821352939332900933
7759222059629955004665053048975471179420949703804045098882749834257837396708614618211576323644087043
0202995697436876390855398502513083494526198516037092323381002115855701541210653717229519320086809883
4097716683536013997753085444973121136274951551346924081340373903652717275198801319547642069176993768
0006918113012873088010734217821974645923485747741125189758220746674113300129570998860412401539990986
2316096548975938569607286118630408982559637214152259707701936144932592876838009512985782493924842526
1602672167087108277196013949138287971294221784653366877391986863252635132339758402634980130737987440
8273955149729754943684581455021402700466389013530163365324186656912956498397112008858083496438474466
6549131011342443511498970720522017621314538339449851007544570619227545357687524333216233674467828131
8353593692013631961668847252954863226167553870954916210506538716625406193805492897061271888413814990
8023928300333666337099673744122593255189877803161339084358009622800794428902745485179262166079976314
