101
102
103
104
105
106
107
108
109
120
121
130
131
132
140
141
142
143
150
151
152
153
154
160
161
162
163
164
165
170
171
172
173
174
175
176
180
181
182
183
184
185
186
187
190
191
192
193
194
195
196
197
198
201
202
203
204
205
206
207
208
209
212
213
214
215
216
217
218
219
230
231
232
240
241
242
243
250
251
252
253
254
260
261
262
263
264
265
270
271
272
273
274
275
276
280
281
282
283
284
285
286
287
290
291
292
293
294
295
296
297
298
301
302
303
304
305
306
307
308
309
312
313
314
315
316
317
318
319
323
324
325
326
327
328
329
340
341
342
343
350
351
352
353
354
360
361
362
363
364
365
370
371
372
373
374
375
376
380
381
382
383
384
385
386
387
390
391
392
393
394
395
396
397
398
401
402
403
404
405
406
407
408
409
412
413
414
415
416
417
418
419
423
424
425
426
427
428
429
434
435
436
437
438
439
450
451
452
453
454
460
461
462
463
464
465
470
471
472
473
474
475
476
480
481
482
483
484
485
486
487
490
491
492
493
494
495
496
497
498
501
502
503
504
505
506
507
508
509
512
513
514
515
516
517
518
519
523
524
525
526
527
528
529
534
535
536
537
538
539
545
546
547
548
549
560
561
562
563
564
565
570
571
572
573
574
575
576
580
581
582
583
584
585
586
587
590
591
592
593
594
595
596
597
598
601
602
603
604
605
606
607
608
609
612
613
614
615
616
617
618
619
623
624
625
626
627
628
629
634
635
636
637
638
639
645
646
647
648
649
656
657
658
659
670
671
672
673
674
675
676
680
681
682
683
684
685
686
687
690
691
692
693
694
695
696
697
698
701
702
703
704
705
706
707
708
709
712
713
714
715
716
717
718
719
723
724
725
726
727
728
729
734
735
736
737
738
739
745
746
747
748
749
756
757
758
759
767
768
769
780
781
782
783
784
785
786
787
790
791
792
793
794
795
796
797
798
801
802
803
804
805
806
807
808
809
812
813
814
815
816
817
818
819
823
824
825
826
827
828
829
834
835
836
837
838
839
845
846
847
848
849
856
857
858
859
867
868
869
878
879
890
891
892
893
894
895
896
897
898
901
902
903
904
905
906
907
908
909
912
913
914
915
916
917
918
919
923
924
925
926
927
928
929
934
935
936
937
938
939
945
946
947
948
949
956
957
958
959
967
968
969
978
979
989
